19.0592079163 -83.0524673462 -30.0
-18.5180416107 113.86831665 -24.8341064453
26.2965106964 236.433242798 13.2565841675
118.538398743 309.396881104 2.38902688026
209.140777588 332.627197266 -27.5277271271
295.07699585 290.287841797 -60.3299407959
371.877532959 171.802612305 -73.6793670654
292.562713623 70.2180404663 -49.6424636841
162.884613037 29.3754711151 -30.1317329407
73.769241333 22.8890171051 -32.3390846252
17.2077236176 11.9600543976 -1.79653549194
-61.8688240051 1.95352315903 -11.2163143158
-124.728042603 -7.38441038132 -36.2755813599
-175.378601074 -40.7271156311 -36.2756347656
-187.576751709 -164.183105469 -36.2756385803
-181.027832031 -283.910888672 -33.452003479
-155.66166687 -317.563659668 -29.09998703
-81.0036239624 -330.634338379 -22.2943763733
-17.0658435822 -329.034576416 -3.12054443359
121.353569031 -332.930969238 -1.95076048374
216.375915527 -333.933532715 -36.2210121155
293.747131348 -396.240661621 -21.9484500885
301.70880127 -480.675842285 -5.05994796753
267.475830078 -576.223632813 19.3585968018
175.087219238 -623.765563965 41.9766387939
55.5389518738 -573.258544922 50.2259140015
41.3727226257 -241.355789185 -17.0467147827
43.9151077271 -177.562683105 -29.4673080444
16.1156005859 -75.4955825806 -30.0