9.35215473175 -72.3041381836 -30.0
-32.8980636597 135.628387451 -29.2210006714
-26.9639625549 312.558135986 3.24264144897
-25.6469993591 317.963165283 4.80474472046
-24.3699531555 323.204376221 6.31949996948
75.7523727417 500.510192871 60.8451385498
79.2392044067 504.412536621 60.7534332275
381.327636719 671.361328125 -12.1953220367
387.649078369 671.817138672 -14.5403404236
394.010437012 672.275878906 -15.4573974609
708.024169922 462.619384766 -114.718643188
687.444091797 224.884002686 -102.94455719
498.425323486 116.043632507 -47.6607017517
493.265808105 114.014808655 -46.6171760559
250.339035034 55.8177604675 -34.6544036865
40.9421806335 25.1112060547 23.7805099487
36.6531295776 24.4822463989 25.503868103
-107.75025177 3.30651283264 7.848487854
-299.167633057 -32.5361862183 -42.5513839722
-362.527160645 -128.106719971 -42.5512542725
-366.008758545 -317.55947876 -42.5512809753
-365.64932251 -459.178405762 -41.9819107056
-365.634185791 -465.146392822 -41.7642745972
-318.526306152 -621.65032959 -29.0772132874
-179.847015381 -652.815307617 -18.3395614624
-173.19694519 -653.338134766 -16.9436817169
46.1567878723 -662.10168457 19.1447124481
227.283859253 -664.898254395 12.6730489731
488.84362793 -697.811035156 -37.0752182007
593.262207031 -844.284423828 -4.43840789795
595.277282715 -850.264099121 -3.47963905334
598.414245605 -1023.45129395 34.082572937
519.766906738 -1176.58666992 75.1126785278
380.170654297 -1234.62011719 108.691833496
151.716796875 -1192.32470703 136.881317139
87.574508667 -1038.51013184 110.766601563
80.6911849976 -873.277709961 134.074081421
81.3661193848 -736.138916016 108.463806152
82.4083480835 -524.368713379 32.5879898071
83.1251296997 -333.506530762 -29.8180236816